65
65
65
65
83
68
83
68
73
73
32
32
85
85
83
83
69
69
32
32
72
72
79
79
79
79
75
75
32
32
84
84
79
79
32
32
71
71
69
69
84
84
32
32
75
75
69
69
8
8
8
8
78
78
85
85
77
77
66
66
69
69
82
82
32
32
79
79
70
70
32
32
75
75
69
69
89
89
32
32
80
80
82
82
69
69
83
83
83
83
69
69
68
68
32
32
73
73
78
78
32
32
87
87
73
73
78
78
68
68
79
79
87
87
83
83
188
188
32
32
87
87
72
72
69
69
78
78
32
32
73
73
32
32
71
71
69
69
84
84
32
32
68
68
69
69
83
83
67
67
82
82
73
73
80
80
84
84
73
73
79
79
78
78
32
32
69
69
86
86
82
82
89
89
32
32
79
79
72
72
32
32
84
84
72
72
73
73
83
83
32
32
78
78
85
85
77
77
69
69
8
8
8
8
8
8
8
8
8
8
72
72
79
79
83
83
69
69
32
32
78
78
85
85
77
77
66
66
69
69
82
82
83
83
160
191
191
160
13
13
27
27
112
112
113
113
192
192
49
49
85
85
78
78
73
73
83
83
79
79
67
67
8
8
8
8
8
8
67
67
79
79
68
68
69
69
13
13
87
87
72
72
73
79
79
73
67
67
72
72
32
32
85
85
78
78
73
73
67
67
80
79
79
80
68
68
69
69
32
32
85
85
83
83
69
69
32
32
87
87
73
73
78
78
68
68
79
79
87
87
83
83
13
13
84
84
82
82
65
65
78
78
83
83
70
70
79
79
82
82
77
77
32
32
73
73
78
78
84
84
32
32
84
84
79
79
32
32
85
85
78
78
8
8
8
8
160
85
85
84
84
70
160
70
32
32
8
8
49
49
54
54
32
32
73
73
78
78
32
32
67
67
80
80
80
80
13
13
162
67
162
67
13
13
162
86
162
86
162
67
162
67
13
13
162
86
162
86
162
67
162
67
162
86
162
86
162
67
162
67
13
13
162
86
162
86
160
160
69
69
78
78
67
67
79
79
68
68
69
69
68
68
162
67
162
67
162
86
162
86
162
67
65
65
65
65
83
83
68
68
87
87
68
81
87
68
68
81
87
68
65
83
65
83
68
68
65
65
65
65
68
68
83
83
83
83
65
65
83
83
68
68
65
65
83
83
68
68
87
87
87
87
87
87
87
87
87
87
87
87
87
87
87
87
87
87
87
87
87
87
87
87
87
87
87
87
87
87
87
87
87
87
87
87
87
87
87
87
87
87
87
87
87
87
87
87
87
87
87
87
87
87
87
87
87
81
81
81
81
81
81
81
81
81
81
81
81
81
81
81
81
81
81
81
87
87
69
69
81
87
69
81
87
69
81
87
81
87
87
87
87
87
87
87
87
87
87
87
87
87
87
87
87
87
87
87
87
87
87
87
87
87
87
87
87
87
87
87
87
87
87
87
87
87
87
87
87
87
87
87
87
87
87
87
87
87
87
87
87
87
87
87
87
87
87
87
87
87
87
87
87
87
87
87
87
87
87
87
87
87
87
87
87
87
87
87
87
87
87
87
87
87
87
87
87
87
87
87
87
87
87
87
87
87
87
162
67
162
67
34
34
33
33
34
34
33
33
34
34
162
191
191
162
67
67
79
79
78
78
86
86
69
69
82
82
83
83
73
73
79
79
78
78
32
32
73
73
78
78
84
84
69
69
71
71
69
69
82
82
32
32
84
84
79
79
32
32
85
85
78
78
73
73
67
67
79
79
68
68
69
69
32
32
8
8
49
49
54
54
32
32
67
67
72
72
65
65
82
82
65
65
84
84
67
67
8
8
8
8
67
67
84
84
69
69
82
82
32
32
73
73
78
78
32
32
67
67
160
187
187
187
187
160
13
13
162
67
162
67
162
86
162
86
9
9
9
9
186
186
160
188
188
188
188
160
85
85
78
78
73
73
162
162
13
13
32
32
32
32
32
32
162
67
65
83
65
83
68
68
87
87
65
83
65
68
83
68
68
68
160
68
68
68
160
68
160
68
68
68
68
160
65
65
65
65
65
65
65
65
65
65
65
65
160
65
65
65
65
65
65
65
65
160
65
65
20
20
65
65
65
65
65
65
20
20
65
65
65
65
65
65
65
65
65
65
81
81
81
81
87
83
87
65
83
65
160
65
65
160
160
160
160
65
65
160
160
65
65
160
65
65
65
65
65
65
65
65
65
65
160
65
65
65
65
65
65
65
65
65
65
65
65
160
160
160
160
160
160
160
20
20
9
9
192
192
49
49
50
50
51
51
50
50
69
69
27
27
27
27
27
27
112
112
113
113
114
114
162
67
162
67
162
86
162
86
162
86
162
86
13
13
13
13
13
13
162
191
191
162
162
67
162
67
162
162
9
9
162
86
86
162
9
9
162
86
162
86
162
67
162
67
32
32
162
86
162
86
162
67
162
67
162
86
162
86
32
32
162
86
162
86
162
67
162
67
162
86
162
86
32
32
162
86
162
86
13
13
162
67
162
67
162
86
162
86
84
84
73
73
77
77
69
69
8
8
8
8
8
8
8
8
20
20
84
84
73
73
77
69
77
69
162
67
162
67
67
67
80
80
80
80
32
32
160
68
68
87
87
79
79
82
82
68
68
160
13
13
84
84
73
73
77
77
69
69
162
67
162
67
13
13
162
67
162
67
162
86
162
86
162
67
162
67
162
86
162
86
162
86
162
86
162
191
191
162
162
191
191
162
72
72
79
79
87
87
32
32
84
84
79
79
32
32
73
73
78
78
86
86
79
79
75
75
69
69
32
32
70
70
85
85
82
82
78
78
67
67
84
84
73
73
79
79
78
78
32
32
66
66
69
69
70
70
79
79
82
82
69
69
32
32
80
80
82
82
79
79
67
67
69
69
83
83
83
83
32
32
69
69
88
88
73
73
84
84
32
32
73
73
78
78
32
32
67
67
160
187
187
187
160
187
13
13
162
67
162
67
162
86
162
86
13
13
13
13
13
13
162
67
162
67
162
86
162
86
162
67
162
67
13
13
162
86
162
86
162
90
90
162
162
90
162
90
13
13
162
86
162
86
162
67
162
67
162
86
162
86
8
8
13
13
162
67
